%YAML:1.0
KeyPoints:
   -
      angle: -1.
      class_id: -1
      octave: 0
      pt:
         x: 2.9255072021484375e+02
         y: 2.3576811218261719e+02
      response: 0.
      size: 2.2988266944885254e+00
   -
      angle: -1.
      class_id: -1
      octave: 0
      pt:
         x: 3.0423214721679688e+02
         y: 1.9434979248046875e+02
      response: 0.
      size: 3.0253760814666748e+00
   -
      angle: -1.
      class_id: -1
      octave: 0
      pt:
         x: 4.1409091949462891e+01
         y: 1.9023635864257812e+02
      response: 0.
      size: 4.4420270919799805e+00
   -
      angle: -1.
      class_id: -1
      octave: 0
      pt:
         x: 2.4125061035156250e+02
         y: 1.8619464111328125e+02
      response: 0.
      size: 4.8634352684020996e+00
   -
      angle: -1.
      class_id: -1
      octave: 0
      pt:
         x: 1.0418713378906250e+02
         y: 1.8058479309082031e+02
      response: 0.
      size: 3.2140662670135498e+00
   -
      angle: -1.
      class_id: -1
      octave: 0
      pt:
         x: 1.8905650329589844e+02
         y: 1.7942938232421875e+02
      response: 0.
      size: 3.1829326152801514e+00
   -
      angle: -1.
      class_id: -1
      octave: 0
      pt:
         x: 1.4750000000000000e+02
         y: 1.7850000000000000e+02
      response: 0.
      size: 2.9154758453369141e+00
   -
      angle: -1.
      class_id: -1
      octave: 0
      pt:
         x: 3.0774905395507812e+02
         y: 1.3948689270019531e+02
      response: 0.
      size: 3.7291786670684814e+00
   -
      angle: -1.
      class_id: -1
      octave: 0
      pt:
         x: 1.8783760070800781e+02
         y: 1.3541880798339844e+02
      response: 0.
      size: 2.5862998962402344e+00
   -
      angle: -1.
      class_id: -1
      octave: 0
      pt:
         x: 4.8352272033691406e+01
         y: 1.3568560791015625e+02
      response: 0.
      size: 3.8243215084075928e+00
   -
      angle: -1.
      class_id: -1
      octave: 0
      pt:
         x: 2.3401731872558594e+02
         y: 1.3560606384277344e+02
      response: 0.
      size: 3.7468125820159912e+00
   -
      angle: -1.
      class_id: -1
      octave: 0
      pt:
         x: 1.4760543823242188e+02
         y: 1.3513604736328125e+02
      response: 0.
      size: 2.8423490524291992e+00
   -
      angle: -1.
      class_id: -1
      octave: 0
      pt:
         x: 1.0626190185546875e+02
         y: 1.3466667175292969e+02
      response: 0.
      size: 2.7055082321166992e+00
   -
      angle: -1.
      class_id: -1
      octave: 0
      pt:
         x: 1.4855856323242188e+02
         y: 9.2468467712402344e+01
      response: 0.
      size: 2.5308742523193359e+00
   -
      angle: -1.
      class_id: -1
      octave: 0
      pt:
         x: 1.8928807067871094e+02
         y: 9.2489715576171875e+01
      response: 0.
      size: 3.6183347702026367e+00
   -
      angle: -1.
      class_id: -1
      octave: 0
      pt:
         x: 1.0553845977783203e+02
         y: 9.0982902526855469e+01
      response: 0.
      size: 2.5368349552154541e+00
   -
      angle: -1.
      class_id: -1
      octave: 0
      pt:
         x: 2.3489706420898438e+02
         y: 9.0343139648437500e+01
      response: 0.
      size: 3.2289452552795410e+00
   -
      angle: -1.
      class_id: -1
      octave: 0
      pt:
         x: 4.7179046630859375e+01
         y: 8.4140953063964844e+01
      response: 0.
      size: 5.4306468963623047e+00
   -
      angle: -1.
      class_id: -1
      octave: 0
      pt:
         x: 1.4669105529785156e+02
         y: 4.5325202941894531e+01
      response: 0.
      size: 2.6622138023376465e+00
   -
      angle: -1.
      class_id: -1
      octave: 0
      pt:
         x: 1.9173725891113281e+02
         y: 4.2172550201416016e+01
      response: 0.
      size: 3.8277604579925537e+00
   -
      angle: -1.
      class_id: -1
      octave: 0
      pt:
         x: 1.0011411285400391e+02
         y: 3.8636634826660156e+01
      response: 0.
      size: 4.4276986122131348e+00
   -
      angle: -1.
      class_id: -1
      octave: 0
      pt:
         x: 3.7209152221679688e+01
         y: 2.6039215087890625e+01
      response: 0.
      size: 4.0802679061889648e+00
