%YAML:1.0
KeyPoints:
   -
      angle: -1.
      class_id: -1
      octave: 0
      pt:
         x: 2.0904762268066406e+01
         y: 2.3633332824707031e+02
      response: 0.
      size: 1.9943230152130127e+00
   -
      angle: -1.
      class_id: -1
      octave: 0
      pt:
         x: 2.7847619628906250e+02
         y: 2.3371202087402344e+02
      response: 0.
      size: 4.9378390312194824e+00
   -
      angle: -1.
      class_id: -1
      octave: 0
      pt:
         x: 5.6642856597900391e+01
         y: 2.3026190185546875e+02
      response: 0.
      size: 2.2475526332855225e+00
   -
      angle: -1.
      class_id: -1
      octave: 0
      pt:
         x: 3.1702899169921875e+02
         y: 1.8411593627929688e+02
      response: 0.
      size: 2.1467382907867432e+00
   -
      angle: -1.
      class_id: -1
      octave: 0
      pt:
         x: 2.2421754455566406e+02
         y: 1.7668771362304688e+02
      response: 0.
      size: 3.8444676399230957e+00
   -
      angle: -1.
      class_id: -1
      octave: 0
      pt:
         x: 5.9186353683471680e+00
         y: 1.7668766784667969e+02
      response: 0.
      size: 4.8107738494873047e+00
   -
      angle: -1.
      class_id: -1
      octave: 0
      pt:
         x: 1.7964341735839844e+02
         y: 1.7377519226074219e+02
      response: 0.
      size: 2.6558732986450195e+00
   -
      angle: -1.
      class_id: -1
      octave: 0
      pt:
         x: 5.4014564514160156e+01
         y: 1.7607604980468750e+02
      response: 0.
      size: 5.9374098777770996e+00
   -
      angle: -1.
      class_id: -1
      octave: 0
      pt:
         x: 1.4511372375488281e+02
         y: 1.7242744445800781e+02
      response: 0.
      size: 3.7421238422393799e+00
   -
      angle: -1.
      class_id: -1
      octave: 0
      pt:
         x: 1.0293081665039062e+02
         y: 1.7077987670898438e+02
      response: 0.
      size: 2.9783976078033447e+00
   -
      angle: -1.
      class_id: -1
      octave: 0
      pt:
         x: 2.7707946777343750e+02
         y: 1.3748123168945312e+02
      response: 0.
      size: 5.1386451721191406e+00
   -
      angle: -1.
      class_id: -1
      octave: 0
      pt:
         x: 2.2323703002929688e+02
         y: 1.3307408142089844e+02
      response: 0.
      size: 2.7639558315277100e+00
   -
      angle: -1.
      class_id: -1
      octave: 0
      pt:
         x: 1.4856988525390625e+02
         y: 1.2970967102050781e+02
      response: 0.
      size: 2.3303582668304443e+00
   -
      angle: -1.
      class_id: -1
      octave: 0
      pt:
         x: 1.0895454406738281e+02
         y: 1.2931060791015625e+02
      response: 0.
      size: 2.6713445186614990e+00
   -
      angle: -1.
      class_id: -1
      octave: 0
      pt:
         x: 4.2395507812500000e+01
         y: 1.3069084167480469e+02
      response: 0.
      size: 5.7553625106811523e+00
   -
      angle: -1.
      class_id: -1
      octave: 0
      pt:
         x: 5.7364339828491211e+00
         y: 1.3152455139160156e+02
      response: 0.
      size: 4.7602376937866211e+00
   -
      angle: -1.
      class_id: -1
      octave: 0
      pt:
         x: 2.2690666198730469e+02
         y: 9.3720001220703125e+01
      response: 0.
      size: 2.9518408775329590e+00
   -
      angle: -1.
      class_id: -1
      octave: 0
      pt:
         x: 1.8679762268066406e+02
         y: 9.0726188659667969e+01
      response: 0.
      size: 3.0267674922943115e+00
   -
      angle: -1.
      class_id: -1
      octave: 0
      pt:
         x: 2.8151351928710938e+02
         y: 8.9472976684570312e+01
      response: 0.
      size: 4.9497566223144531e+00
   -
      angle: -1.
      class_id: -1
      octave: 0
      pt:
         x: 142.
         y: 8.8500000000000000e+01
      response: 0.
      size: 3.0413813591003418e+00
   -
      angle: -1.
      class_id: -1
      octave: 0
      pt:
         x: 6.1493148803710938e+01
         y: 8.6157531738281250e+01
      response: 0.
      size: 5.0292038917541504e+00
   -
      angle: -1.
      class_id: -1
      octave: 0
      pt:
         x: 1.0233333587646484e+02
         y: 8.2244895935058594e+01
      response: 0.
      size: 3.9344804286956787e+00
   -
      angle: -1.
      class_id: -1
      octave: 0
      pt:
         x: 4.0769228935241699e+00
         y: 7.8346153259277344e+01
      response: 0.
      size: 3.5042068958282471e+00
   -
      angle: -1.
      class_id: -1
      octave: 0
      pt:
         x: 1.8619807434082031e+02
         y: 5.0169082641601562e+01
      response: 0.
      size: 3.3879857063293457e+00
   -
      angle: -1.
      class_id: -1
      octave: 0
      pt:
         x: 1.4712437438964844e+02
         y: 4.8278606414794922e+01
      response: 0.
      size: 3.3514766693115234e+00
   -
      angle: -1.
      class_id: -1
      octave: 0
      pt:
         x: 2.3092308044433594e+02
         y: 4.5602565765380859e+01
      response: 0.
      size: 3.4949243068695068e+00
   -
      angle: -1.
      class_id: -1
      octave: 0
      pt:
         x: 4.9288581848144531e+01
         y: 3.0501543045043945e+01
      response: 0.
      size: 6.8846230506896973e+00
